[dummy.jpg]
text=1;143;18; donation&#010; request;Pristina;-0.088610,0.287901,0.146008,5.497787;v1,4285052455,4283421231,128.000000,1.000000,0.065421,1.000000,700,0,49152;;
backuphash=19429
textactive=1
